0,0,0,0,0,0
1,1,0.051282,0.082051,0.051282,0.84103
2,3.85,0.18718,0.25846,0.19231,1.64
3,8.365,0.38744,0.44062,0.4,1.1017
4,14.379,0.64633,0.59569,0.64692,0.5904
5,21.741,0.96631,0.71621,0.90446,0.93488
6,30.317,1.3549,0.805,1.1458,1.2621
7,39.985,1.8236,0.86817,1.3484,1.0417
8,50.636,2.3871,0.912,1.4959,0.83223
9,62.173,3.064,0.94186,1.5791,0.97333
10,74.506,3.8765,0.96191,1.5961,1.1074
11,87.555,4.8516,0.97522,1.5517,1.0171
12,101.25,6.0219,0.98398,1.4566,0.93128
13,115.52,7.4262,0.9897,1.3254,0.98908
14,130.32,9.1115,0.9934,1.1747,1.044
15,145.59,11.134,0.99579,1.0217,1.007
16,161.28,13.56,0.99733,0.88173,0.97185
17,177.35,16.473,0.99831,0.76763,0.99553
18,193.77,19.967,0.99893,0.68817,1.018
19,210.49,24.161,0.99933,0.64785,1.0029
20,227.49,29.193,0.99958,0.64677,0.98847
21,244.74,35.231,0.99973,0.68112,0.99817
22,262.22,42.477,0.99983,0.74393,1.0074
23,279.9,51.173,0.9999,0.82606,1.0012
24,297.76,61.607,0.99993,0.91737,0.99528
25,315.78,74.129,0.99996,1.0078,0.99925
26,333.95,89.155,0.99997,1.0884,1.003
27,352.26,107.19,0.99998,1.1521,1.0005
28,370.68,128.82,0.99999,1.1943,0.99807
29,389.21,154.79,0.99999,1.2128,0.99969
30,407.84,185.94,1,1.2081,1.0012
31,426.56,223.33,1,1.1831,1.0002
32,445.35,268.2,1,1.1423,0.99921
33,464.22,322.04,1,1.0914,0.99987
34,483.15,386.65,1,1.0364,1.0005
35,502.13,464.18,1,0.98325,1.0001
36,521.17,557.21,1,0.9371,0.99968
37,540.25,668.86,1,0.90186,0.99995
38,559.38,802.83,1,0.87995,1.0002
39,578.54,963.59,1,0.87224,1
40,597.73,1156.5,1,0.87808,0.99987
